function FedV=FedV_ANCF_34X3_cont(E,nu,~,ks2,ks3,H,W,L,~,~,~,ee,xi,eta,zeta)
% 03.11.2015, Henrik Ebel
FedV = zeros(1,120);
      t1 = ee(70)*eta;
      t2 = H*zeta;
      t3 = t2*W;
      t6 = t1*H;
      t7 = zeta*W;
      t8 = xi^2;
      t9 = t7*t8;
      t12 = t7*xi;
      t15 = ee(100)*eta;
      t20 = t15*H;
      t23 = eta^2;
      t24 = ee(79)*t23;
      t25 = H^2;
      t26 = t24*t25;
      t32 = t25*zeta*W;
      t35 = ee(82)*eta;
      t36 = zeta^2;
      t37 = H*t36;
      t38 = W^2;
      t39 = t37*t38;
      t42 = t35*H;
      t43 = t36*t38;
      t44 = t43*xi;
      t47 = ee(112)*eta;
      t48 = t47*H;
      t49 = t43*t8;
      t52 = ee(109)*t23;
      t53 = t52*t25;
      t60 = 27.D0/64.D0*t1*t3-81.D0/64.D0*t6*t9-9.D0/32.D0*t6*t12-t15*t3/64+27.D0/16.D0*ee(91)*t8+9.D0/32.D0*t20*t12-81.D0/256.D0*t26*t9-9.D0/128.D0*t26*t12+27.D0/256.D0*t24*t32+27.D0/256.D0*t35*t39-9.D0/128.D0*t42*t44+27.D0/256.D0*t48*t49+9.D0/128.D0*t53*t12+27.D0/256.D0*t53*t9-81.D0/256.D0*t42*t49;
      t61 = ee(67)*zeta;
      t62 = W*xi;
      t65 = t36*zeta;
      t66 = ee(88)*t65;
      t67 = t38*W;
      t68 = t67*t8;
      t71 = t67*xi;
      t74 = t23*eta;
      t75 = ee(85)*t74;
      t76 = t25*H;
      t77 = t76*t8;
      t80 = t76*xi;
      t83 = ee(94)*eta;
      t84 = H*t8;
      t87 = H*xi;
      t90 = ee(97)*zeta;
      t91 = W*t8;
      t96 = ee(103)*t23;
      t97 = t25*xi;
      t100 = ee(106)*t36;
      t101 = t38*t8;
      t104 = ee(73)*t23;
      t105 = t25*t8;
      t108 = ee(76)*t36;
      t111 = t38*xi;
      t114 = ee(118)*t65;
      t117 = -9.D0/16.D0*t61*t62-27.D0/256.D0*t66*t68-3.D0/128.D0*t66*t71-27.D0/256.D0*t75*t77-3.D0/128.D0*t75*t80+27.D0/32.D0*t83*t84+9.D0/16.D0*t83*t87+27.D0/32.D0*t90*t91+9.D0/16.D0*t90*t62+9.D0/64.D0*t96*t97+27.D0/128.D0*t100*t101-81.D0/128.D0*t104*t105-81.D0/128.D0*t108*t101-9.D0/64.D0*t108*t111+9.D0/256.D0*t114*t68;
      t125 = ee(52)*eta;
      t126 = t125*H;
      t129 = ee(49)*t23;
      t136 = t129*t25;
      t141 = ee(22)*eta;
      t142 = t141*H;
      t151 = ee(10)*eta;
      t152 = t151*H;
      t157 = 3.D0/128.D0*t114*t71-9.D0/64.D0*t104*t97+27.D0/128.D0*t96*t105+81.D0/256.D0*t126*t49-27.D0/256.D0*t129*t32-9.D0/128.D0*t126*t44-27.D0/256.D0*t125*t39+81.D0/256.D0*t136*t9-9.D0/128.D0*t136*t12-27.D0/256.D0*t142*t49+t141*t39/256+9.D0/128.D0*t142*t44-9.D0/8.D0*ee(31)*xi-27.D0/64.D0*t152*t9+27.D0/64.D0*t20*t9;
      t162 = ee(19)*t23;
      t163 = t162*t25;
      t172 = ee(40)*eta;
      t173 = t172*H;
      t186 = ee(115)*t74;
      t189 = ee(58)*t65;
      t192 = ee(64)*eta;
      t195 = 9.D0/32.D0*t152*t12+t151*t3/64-27.D0/256.D0*t163*t9+9.D0/128.D0*t163*t12+81.D0/16.D0*ee(31)*t8+t162*t32/256+81.D0/64.D0*t173*t9-9.D0/32.D0*t173*t12-27.D0/64.D0*t172*t3-81.D0/16.D0*ee(61)*t8-27.D0/16.D0*ee(1)*t8+9.D0/64.D0*t100*t111+3.D0/128.D0*t186*t80-3.D0/128.D0*t189*t71-9.D0/16.D0*t192*t87;
      t206 = ee(7)*zeta;
      t209 = ee(4)*eta;
      t214 = ee(16)*t36;
      t219 = ee(25)*t74;
      t222 = ee(13)*t23;
      t229 = ee(28)*t65;
      t232 = ee(34)*eta;
      t235 = -81.D0/32.D0*t61*t91-81.D0/32.D0*t192*t84+27.D0/256.D0*t189*t68+9.D0/256.D0*t186*t77+9.D0/16.D0*t206*t62-27.D0/32.D0*t209*t84+9.D0/16.D0*t209*t87-27.D0/128.D0*t214*t101+9.D0/64.D0*t214*t111-9.D0/256.D0*t219*t77-27.D0/128.D0*t222*t105+9.D0/64.D0*t222*t97+3.D0/128.D0*t219*t80-9.D0/256.D0*t229*t68-9.D0/16.D0*t232*t87;
      t236 = ee(55)*t74;
      t239 = ee(37)*zeta;
      t257 = ee(46)*t36;
      t268 = -3.D0/128.D0*t236*t80+81.D0/32.D0*t239*t91+9.D0/128.D0*t48*t44-t52*t32/256-t47*t39/256+ee(1)/16-27.D0/32.D0*t206*t91+9.D0/8.D0*ee(91)*xi-9.D0/8.D0*ee(61)*xi+9.D0/8.D0*ee(1)*xi-9.D0/64.D0*t257*t111+81.D0/128.D0*t257*t101+3.D0/128.D0*t229*t71+27.D0/256.D0*t236*t77-9.D0/16.D0*t239*t62;
      t270 = ee(43)*t23;
      t301 = 81.D0/128.D0*t270*t105-9.D0/64.D0*t270*t97+81.D0/32.D0*t232*t84-t114*t67/768-27.D0/32.D0*t232*H+t206*W/32-27.D0/32.D0*t239*W-27.D0/128.D0*t270*t25-t83*H/32+27.D0/32.D0*t61*W+t214*t38/128-9.D0/256.D0*t189*t67-t186*t76/768-9.D0/256.D0*t236*t76+9.D0/256.D0*t66*t67;
      t329 = -27.D0/128.D0*t257*t38-t90*W/32-t96*t25/128+27.D0/128.D0*t108*t38+t229*t67/768-t100*t38/128+27.D0/32.D0*t192*H+t219*t76/768+t222*t25/128+9.D0/256.D0*t75*t76+27.D0/128.D0*t104*t25+t209*H/32-ee(91)/16-27.D0/16.D0*ee(31)+27.D0/16.D0*ee(61);
      t332 = t60+t117+t157+t195+t235+t268+t301+t329;
      t333 = L^2;
      t334 = 1/t333;
      t335 = t332*t334;
      t336 = 27.D0/16.D0*t8;
      t337 = 9.D0/8.D0*xi;
      t338 = -t336+t337+1.D0/16.D0;
      t339 = t335*t338;
      t340 = t332^2;
      t343 = ee(50)*t23;
      t344 = t343*t25;
      t357 = ee(5)*eta;
      t362 = ee(8)*zeta;
      t365 = ee(14)*t23;
      t370 = ee(110)*t23;
      t371 = t370*t25;
      t376 = ee(41)*eta;
      t379 = -9.D0/128.D0*t344*t12+81.D0/256.D0*t344*t9-27.D0/256.D0*t343*t32+ee(2)/16+27.D0/16.D0*ee(62)-9.D0/8.D0*ee(62)*xi+9.D0/8.D0*ee(2)*xi-27.D0/32.D0*t357*t84+9.D0/16.D0*t357*t87+9.D0/16.D0*t362*t62-27.D0/128.D0*t365*t105+9.D0/64.D0*t365*t97+9.D0/128.D0*t371*t12-27.D0/32.D0*t362*t91-27.D0/64.D0*t376*t3;
      t382 = ee(53)*eta;
      t385 = ee(101)*eta;
      t386 = t385*H;
      t395 = ee(113)*eta;
      t396 = t395*H;
      t401 = t382*H;
      t406 = ee(104)*t23;
      t409 = ee(107)*t36;
      t414 = ee(116)*t74;
      t419 = -81.D0/16.D0*ee(62)*t8-27.D0/256.D0*t382*t39+9.D0/32.D0*t386*t12-t385*t3/64+27.D0/256.D0*t371*t9-t370*t32/256+27.D0/256.D0*t396*t49+9.D0/128.D0*t396*t44+81.D0/256.D0*t401*t49-9.D0/128.D0*t401*t44+9.D0/64.D0*t406*t97+27.D0/128.D0*t409*t101+9.D0/64.D0*t409*t111+9.D0/256.D0*t414*t77+3.D0/128.D0*t414*t80;
      t421 = ee(119)*t65;
      t426 = ee(38)*zeta;
      t433 = ee(80)*t23;
      t434 = t433*t25;
      t444 = ee(11)*eta;
      t445 = t444*H;
      t452 = t376*H;
      t457 = 9.D0/256.D0*t421*t68+3.D0/128.D0*t421*t71+81.D0/32.D0*t426*t91-9.D0/16.D0*t426*t62+27.D0/128.D0*t406*t105-81.D0/256.D0*t434*t9-9.D0/128.D0*t434*t12+27.D0/256.D0*t433*t32+81.D0/16.D0*ee(32)*t8-27.D0/16.D0*ee(32)-27.D0/64.D0*t445*t9+9.D0/32.D0*t445*t12-t395*t39/256+81.D0/64.D0*t452*t9-9.D0/32.D0*t452*t12;
      t458 = ee(71)*eta;
      t459 = t458*H;
      t466 = ee(83)*eta;
      t467 = t466*H;
      t474 = ee(23)*eta;
      t475 = t474*H;
      t489 = ee(20)*t23;
      t490 = t489*t25;
      t495 = -81.D0/64.D0*t459*t9-9.D0/32.D0*t459*t12+27.D0/64.D0*t458*t3-81.D0/256.D0*t467*t49-9.D0/128.D0*t467*t44+27.D0/256.D0*t466*t39-27.D0/256.D0*t475*t49-ee(92)/16+9.D0/128.D0*t475*t44+9.D0/8.D0*ee(92)*xi+t474*t39/256+27.D0/16.D0*ee(92)*t8+t444*t3/64-27.D0/256.D0*t490*t9+t489*t32/256;
      t498 = ee(68)*zeta;
      t501 = ee(29)*t65;
      t504 = ee(17)*t36;
      t509 = ee(26)*t74;
      t514 = ee(44)*t23;
      t519 = ee(47)*t36;
      t524 = ee(95)*eta;
      t527 = ee(98)*zeta;
      t532 = ee(35)*eta;
      t537 = -81.D0/32.D0*t498*t91-9.D0/256.D0*t501*t68-27.D0/128.D0*t504*t101+9.D0/64.D0*t504*t111-9.D0/256.D0*t509*t77+3.D0/128.D0*t509*t80+81.D0/128.D0*t514*t105-9.D0/64.D0*t514*t97+81.D0/128.D0*t519*t101-9.D0/64.D0*t519*t111+9.D0/16.D0*t524*t87+9.D0/16.D0*t527*t62+3.D0/128.D0*t501*t71+81.D0/32.D0*t532*t84-9.D0/16.D0*t532*t87;
      t538 = ee(74)*t23;
      t547 = ee(77)*t36;
      t552 = ee(86)*t74;
      t557 = ee(89)*t65;
      t564 = ee(59)*t65;
      t567 = ee(65)*eta;
      t572 = ee(56)*t74;
      t575 = -81.D0/128.D0*t538*t105-9.D0/64.D0*t538*t97+27.D0/32.D0*t527*t91-9.D0/16.D0*t498*t62-81.D0/128.D0*t547*t101-9.D0/64.D0*t547*t111-27.D0/256.D0*t552*t77-3.D0/128.D0*t552*t80-27.D0/256.D0*t557*t68-3.D0/128.D0*t557*t71+27.D0/32.D0*t524*t84-3.D0/128.D0*t564*t71-9.D0/16.D0*t567*t87+t357*H/32+27.D0/256.D0*t572*t77;
      t607 = -3.D0/128.D0*t572*t80+27.D0/256.D0*t564*t68+9.D0/128.D0*t490*t12-9.D0/8.D0*ee(32)*xi+27.D0/64.D0*t386*t9+t509*t76/768-27.D0/16.D0*ee(2)*t8-81.D0/32.D0*t567*t84+9.D0/256.D0*t552*t76-27.D0/32.D0*t426*W-t409*t38/128+27.D0/32.D0*t498*W-9.D0/256.D0*t572*t76+27.D0/32.D0*t567*H+t362*W/32;
